P2
##encadre(deriche(inverse(genbini()),1,4),0)
13 13
255


  0   0   0   0   0   0   0   0   0   0   0   0   0 
  0  17  32  51  69  80  84  80  69  51  32  17   0 
  0  32  59  91 120 137 142 137 120  91  59  32   0 
  0  51  91 133 165 183 188 183 165 133  91  51   0 
  0  69 120 165 196 212 216 212 196 165 120  69   0 
  0  80 137 183 212 226 230 226 212 183 137  80   0 
  0  84 142 188 216 230 234 230 216 188 142  84   0 
  0  80 137 183 212 226 230 226 212 183 137  80   0 
  0  69 120 165 196 212 216 212 196 165 120  69   0 
  0  51  91 133 165 183 188 183 165 133  91  51   0 
  0  32  59  91 120 137 142 137 120  91  59  32   0 
  0  17  32  51  69  80  84  80  69  51  32  17   0 
  0   0   0   0   0   0   0   0   0   0   0   0   0 
